Run semi-empirical minimization
 &qmmm
    qm_theory='AM1', grms_tol=0.0005,
 scfconv=1.d-10, ndiis_attempts=700,   qmcharge=1,
 /
  17   Cl1       -0.0590       -4.3210      -24.9700 
   6    C1       -1.2760       -6.8810      -30.1770 
   7    N1        9.6730       -3.4690      -30.6620 
   8    O1        1.1410       -5.6460      -27.1920 
   6    C2       -0.2080       -5.8840      -30.5480 
   7    N2        4.0730       -5.2600      -22.2160 
   8    O2        5.7410       -5.3800      -25.4910 
   6    C3        0.6380       -5.4280      -29.5340 
   8    O3        3.7760       -7.9100      -20.1590 
   6    C4        0.4620       -6.0640      -28.2080 
   8    O4        1.4440       -4.2300      -20.2220 
   6    C5        2.0990       -5.3410      -26.3600 
   8    O5        1.9280       -6.2910      -20.9900 
   6    C6        3.4440       -5.5680      -26.4960 
   8    O6       -4.0290       -6.9830      -35.4050 
   6    C7        4.3870       -5.2710      -25.5720 
   8    O7       -4.5300       -5.0390      -33.5290 
   6    C8        6.8530       -5.7930      -25.8970 
   6    C9        7.7630       -6.0220      -26.9970 
   6   C10        8.5810       -7.1930      -26.9520 
   6   C11        9.6100       -7.3310      -27.8360 
   6   C12        9.8450       -6.3830      -28.7500 
   6   C13        9.0960       -5.2200      -28.8610 
   6   C14        9.4110       -4.2610      -29.8290 
   6   C15        8.0330       -5.0700      -27.9420 
   6   C16        3.8710       -4.6900      -24.3940 
   6   C17        4.7990       -4.5650      -23.1970 
   6   C18        4.2610       -6.6980      -22.1940 
   6   C19        4.6130       -6.9940      -20.7430 
   6   C20        4.6770       -5.6450      -20.1040 
   6   C21        3.7350       -4.7880      -21.0000 
   6   C22        2.3070       -5.1320      -20.7210 
   6   C23        2.5600       -4.4160      -24.1960 
   6   C24        1.6150       -4.7200      -25.1590 
   6   C25        1.6150       -4.5130      -29.7730 
   6   C26        1.7470       -4.0420      -31.0840 
   6   C27        0.9350       -4.4750      -32.0960 
   6   C28       -0.0450       -5.4040      -31.8040 
   6   C29       -1.0280       -5.8260      -32.8130 
   6   C30       -2.2900       -5.2360      -32.7270 
   6   C31       -3.2660       -5.6350      -33.5990 
   6   C32       -2.9940       -6.6080      -34.5270 
   6   C33       -4.9910       -5.9520      -35.6970 
   6   C34       -5.5720       -5.4700      -34.4040 
   6   C35       -1.7490       -7.1960      -34.6080 
   6   C36       -0.7440       -6.7820      -33.7250 
   1   H41        0.7020       -7.1200      -28.3320 
   1   H42       -0.5940       -5.9950      -27.9480 
   1    H6        3.7790       -6.0220      -27.4170 
   1    H8        7.3730       -6.1380      -25.0150 
   1   H10        8.3850       -7.9640      -26.2220 
   1   H11       10.2380       -8.2090      -27.7980 
   1   H12       10.6630       -6.5310      -29.4400 
   1   H15        7.4190       -4.1830      -27.9870 
   1   H17        5.7580       -4.0740      -23.1210 
   1   H18        3.3460       -7.2140      -22.4850 
   1    H5        5.0830       -6.9840      -22.8500 
   1   H19        5.6190       -7.4120      -20.7280 
   1   H20        4.3150       -5.6810      -19.0770 
   1    H7        5.6940       -5.2550      -20.1370 
   1   H21        3.9300       -3.7200      -20.9020 
   1   H23        2.2470       -3.9530      -23.2720 
   1   H25        2.2630       -4.1640      -28.9830 
   1   H26        2.5140       -3.3140      -31.3040 
   1   H27        1.0570       -4.0990      -33.1010 
   1   H30       -2.4930       -4.4780      -31.9850 
   1   H33       -5.2490       -5.5890      -36.6810 
   1   H34       -6.6260       -5.4510      -34.1680 
   1   H35       -1.5520       -7.9640      -35.3410 
   1   H36        0.2420       -7.2200      -33.7720 
   1    H3        2.9540       -7.9540      -20.6530 
   1   H13       -1.8830       -7.1070      -31.0540 
   1   H14       -1.9090       -6.4610      -29.3960 
   1   H16       -0.8080       -7.7960      -29.8130 

